669.567 -235.155
-80.9092 593.683
-844.04 -849.984
-687.009 481.464
-48.1072 -552.327
103.772 -99.9169
618.985 916.444
132.307 58.9112
782.224 -860.644
-589.068 -251.123
818.892 236.686
65.3817 774.971
392.74 858.84
-111.846 -901.684
-411.155 -217.42
271.985 613.058
-257.783 488.493
-786.184 721.317
-385.507 -623.196
318.12 -721.859
351.414 410.003
-153.505 16.7452
-968.998 103.327
720.747 576.813
889.96 873.052
-846.729 -366.513
379.33 527.378
790.333 97.5091
504.699 -754.676
-177.146 -427.708
593.764 542.121
262.715 927.601
85.1019 -581.487
-189.784 -604.862
-475.178 137.423
-58.6356 902.459
-577.236 978.852
875.707 -630.945
839.514 -272.973
-364.932 847.922
530.766 -542.07
-519.76 -762.567
-572.283 -384.608
-108.812 -301.362
258.144 -47.321
409.682 -172.594
-617.26 14.8282
282.594 -460.425
529.066 -328.275
-26.9424 440.491
-681.546 -605.008
-516.365 549.882
-526.586 -122.99
-838.718 503.552
102.03 -308.137
-933.978 870.696
602.814 127.77
-836.841 282.689
779.585 -107.55
668.769 677.222
-827.537 -78.2654
886.277 628.515
176.184 417.58
428.99 711.797
-146.282 208.965
457.737 236.132
17.1249 -402.187
455.55 -916.928
137.71 -891.029
961.574 -131.692
-913.748 -584.655
209.72 -226.668
-126.148 -722.94
-363.779 310.813
39.3836 581.568
764.231 -399.322
563.403 -205.177
-302.584 -158.3
226.968 732.968
-12.7454 175.002
-286.205 -301.173
-90.6068 -126.595
972.044 -404.021
909.933 383.048
-178.225 761.568
441.789 11.8177
-341.471 150.321
-278.488 -778.038
-300.205 61.8418
631.359 -31.0912
-432.962 -29.0785
-627.449 384.553
311.536 269.704
768.971 482.873
-611.333 567.108
38.1442 -690.422
-588.14 215.076
666.663 360.592
502.268 387.311
297.082 148.6
